  2.0000000e+000  2.9372893e+000  2.4779686e+000  2.3688504e+000  3.1872401e+000  3.5756694e+000  3.3044194e+000  3.9534649e+000  3.0083952e+000  2.2417888e+000  3.4446624e+000
  2.0000000e+000  9.6487768e-001  1.0406339e+000  1.9180608e+000  3.4795885e+000  3.4772315e+000  3.3063852e+000  4.4033084e+000  5.9019213e+000  4.2171739e+000  2.1363919e+000
  2.0000000e+000  2.8652393e+000  4.3175645e+000  1.8081789e+000  2.5614739e+000  3.8435578e+000  2.5769006e+000  5.0236079e+000  3.3035621e+000  3.5898678e+000  1.5351813e+000
  1.0000000e+000  3.3575572e+000  3.1908791e+000  2.4763377e+000  2.8876224e+000  2.8383993e+000  2.4294386e+000  3.7520457e+000  2.0659873e+000  4.5326301e+000  3.8488866e+000
  2.0000000e+000  4.3427860e+000  2.8552073e+000  4.2119413e+000  2.0261207e+000  2.7744344e+000  3.1219059e+000  2.7222135e+000  1.7500195e+000  4.4983507e+000  3.9243683e+000
  2.0000000e+000  2.6780720e+000  2.1554803e+000  2.3082983e+000  5.4911532e+000  4.0749446e+000  4.1178401e+000  4.6607114e+000  3.7577439e+000  2.7497841e+000  4.4334213e+000
  2.0000000e+000  2.4118285e+000  3.5369366e+000  3.9533366e+000  3.5764407e+000  2.8808610e+000  3.1228756e+000  2.4387758e+000  2.9754840e+000  3.3525031e+000  2.4781393e+000
  2.0000000e+000  5.9013560e-001  2.9020580e+000  1.3857289e+000  4.1406109e+000  3.2580060e+000  3.0501275e+000  2.0867855e+000  4.0201223e+000  4.1919757e+000  2.6289487e+000
  1.0000000e+000  3.3011844e+000  2.8054495e+000  4.0186838e+000  3.5054452e+000  3.1522444e+000  1.9574641e+000  2.7512559e+000  4.5620848e+000  2.6684715e+000  2.0905062e+000
  2.0000000e+000  1.3672288e+000  2.2995579e+000  3.3792871e+000  3.6361647e+000  2.4407878e+000  4.4575113e+000  3.3449433e+000  2.9259459e+000  1.8870205e+000  3.4965961e+000
  2.0000000e+000  2.7089976e+000  3.4584823e+000  2.3068696e+000  7.4492119e-001  3.1603316e+000  2.9866183e+000  9.5885521e-001  3.7775813e+000  1.8148567e+000  2.3590204e+000
  2.0000000e+000  2.4414513e+000  4.1914316e+000  3.2673217e+000  3.1199494e+000  3.5033554e+000  1.3645100e+000  2.9528867e+000  2.8564714e+000  3.3179336e+000  2.8485837e+000
  2.0000000e+000  3.4153403e+000  4.3853267e+000  4.1158134e+000  2.0785983e+000  3.0112502e+000  3.1310775e+000  3.0415876e+000  4.1589973e+000  4.4396256e+000  2.5208093e+000
  2.0000000e+000  3.2113766e+000  3.9848576e+000  4.7056540e+000  3.4995780e-001  2.4992104e+000  3.3061940e+000  3.6333181e+000  2.5072383e+000  1.8101070e+000  4.1039375e+000
  2.0000000e+000  3.8356444e+000  2.6680070e+000  1.4158622e+000  2.1735217e+000  3.2164569e+000  2.7684108e+000  1.8519706e+000  2.2886459e+000  2.4859579e+000  2.2599638e+000
  2.0000000e+000  1.8950569e+000  1.7410575e+000  1.6189669e+000  3.1379114e+000  2.6016581e+000  1.9855939e+000  2.8729679e+000  1.7992019e+000  2.1227243e-001  3.2275698e+000
  2.0000000e+000  4.2644968e+000  1.3334898e+000  4.2224794e+000  2.7051316e+000  3.2754385e+000  1.0306562e+000  1.9596044e+000  4.4998552e+000  1.7961084e+000  3.3014353e+000
  2.0000000e+000  2.3713466e+000  3.2958765e+000  2.6826387e+000  2.7759597e+000  3.4700421e+000  3.2597140e+000  2.9164328e+000  2.1115270e+000  3.2110772e+000  3.4001655e+000
  2.0000000e+000  2.3679865e+000  5.0222720e+000  4.0170214e+000  2.8877820e+000  2.1898175e+000  3.2519396e+000  2.6003197e+000  3.9484543e+000  2.3792986e+000  2.3212233e+000
  1.0000000e+000  3.4477298e+000  3.2666781e+000  3.5224432e+000  2.4270103e+000  3.2486634e+000  4.6369144e+000  3.8748117e+000  2.5177615e+000  2.9428226e+000  3.9057088e+000
  2.0000000e+000  1.6211095e+000  2.6353813e+000  3.3674450e+000  4.2233885e+000  2.5334903e+000  5.1450364e+000  2.6714322e+000  1.7675114e+000  1.3023495e+000  2.3320310e+000
  2.0000000e+000  2.8785782e+000  3.4764108e+000  4.3469475e+000  2.1875848e+000  1.9062913e+000  2.5028743e+000  2.3336525e+000  2.5306329e+000  2.3044130e+000  2.8150349e+000
  2.0000000e+000  1.9384323e+000  2.4912095e+000  2.0268410e+000  2.9331234e+000  3.9578825e+000  1.5537851e+000  2.5286095e+000  2.9662082e+000  4.3426889e+000  2.8213048e+000
  2.0000000e+000  2.7607053e+000  2.6595642e+000  3.8034062e+000  3.8666941e+000  3.1622327e+000  4.2795803e+000  3.8524687e+000  4.3710714e+000  3.5792683e+000  4.0116587e+000
  2.0000000e+000  2.7141137e+000  3.4859013e+000  4.4535390e+000  2.0899968e+000  3.7682885e+000  3.3460966e+000  3.7435533e+000  3.8089275e+000  2.5462264e+000  3.4353113e+000
  2.0000000e+000  2.5496733e+000  2.8647165e+000  2.9334241e+000  4.4542016e+000  3.6752296e+000  3.6776784e+000  3.2096583e+000  4.1695603e+000  1.7829815e+000  3.0386690e+000
  1.0000000e+000  3.4182603e+000  3.6092294e+000  3.6926878e+000  2.1290325e+000  2.7426066e+000  4.7632243e+000  2.9381694e+000  5.0606885e+000  3.0019121e+000  3.0706162e+000
  2.0000000e+000  4.3530385e+000  4.0847561e+000  1.5021584e+000  3.1555803e+000  3.0568395e+000  3.4589161e+000  1.8802385e+000  1.0562936e+000  4.6798156e+000  3.4886478e+000
  2.0000000e+000  1.4870902e+000  3.3565941e+000  4.7445122e+000  5.2880196e+000  3.0043269e+000  2.4835758e+000  4.1394174e+000  2.9989539e+000  3.3616160e+000  5.6143339e+000
  2.0000000e+000  2.1895390e+000  3.2704536e+000  4.2418821e+000  2.0539284e+000  1.7965793e+000  1.9868244e+000  3.6219021e+000  2.4170013e+000  1.7553234e+000  2.7267690e+000
  1.0000000e+000  3.1142683e+000  3.8116918e+000  3.1997379e+000  2.6612106e+000  3.6740621e+000  2.6832815e+000  4.0578395e+000  3.1280296e+000  1.3737509e+000  3.2046706e+000
  2.0000000e+000  2.9113577e+000  6.0017718e+000  3.9787141e+000  2.7543570e+000  3.3585259e+000  3.5005828e+000  2.0728160e+000  3.9373363e+000  5.5416621e+000  5.2375615e+000
  2.0000000e+000  3.1744168e+000  1.3749053e+000  2.4615936e+000  4.1319566e+000  3.2466134e+000  3.6575954e+000  3.3481135e+000  3.9013325e+000  2.7701248e+000  2.5265627e+000
  1.0000000e+000  3.3375780e+000  2.3918973e+000  4.7302390e+000  2.6765166e+000  3.8045124e+000  4.7568224e+000  1.6774270e+000  1.7545836e+000  1.7655267e+000  1.1526593e+000
  2.0000000e+000  5.2348057e+000  3.9021836e+000  2.3941339e+000  4.8064408e+000  4.3124904e-001  3.1038142e+000  3.2693348e+000  2.6567498e+000  4.5958877e+000  3.1852465e+000
  2.0000000e+000  3.0939297e+000  2.3449763e+000  5.3282654e+000  1.5425084e+000  2.4311587e+000  2.9791659e+000  2.4843511e+000  3.4215219e+000  2.9911529e+000  4.2477892e+000
  2.0000000e+000  2.2229284e+000  3.1103827e+000  3.1367794e+000  4.6271797e+000  4.5849504e+000  4.1167834e+000  3.8803315e+000  3.6869169e+000  3.2573072e+000  4.5794283e+000
  1.0000000e+000  3.6502122e+000  2.8957721e+000  3.6233353e+000  3.2215778e+000  3.5546617e+000  3.5559013e+000  2.2844162e+000  1.9500052e+000  2.0985192e+000  2.7446929e+000
  2.0000000e+000  1.6096858e+000  2.8477449e+000  3.7393146e+000  3.7709244e+000  3.0349771e+000  3.4419228e+000  4.5329881e+000  3.7936480e+000  2.9589416e+000  2.6630536e+000
  2.0000000e+000  1.0286615e+000  3.2339966e+000  5.1315990e+000  2.9860342e+000  5.0824375e+000  3.9157462e+000  4.0745592e+000  3.5164344e+000  1.9325245e+000  3.1140807e+000
  2.0000000e+000  1.6287291e+000  2.5329185e+000  4.2573599e+000  2.4751591e+000  4.0557336e+000  4.5037336e+000  4.4624061e+000  2.6087634e+000  3.1336158e+000  1.9339485e+000
  1.0000000e+000  3.0679645e+000  1.8010291e+000  1.3274395e+000  3.1282600e+000  3.4131443e+000  2.9077179e+000  3.8994949e+000  3.0952240e+000  3.3392324e+000  3.8064534e+000
  2.0000000e+000  2.8695364e+000  4.3134066e+000  3.3923413e+000  4.1634053e+000  3.7811261e+000  1.2084835e+000  2.5317510e+000  1.4880614e+000  3.4558022e+000  3.5290082e+000
  2.0000000e+000  2.8806010e+000  2.6971688e+000  2.9002037e+000  2.7815988e+000  4.1392861e+000  1.9435858e+000  2.5999650e+000  3.1555440e+000  1.9300037e+000  1.4510486e+000
  2.0000000e+000  3.2014981e+000  2.7827635e+000  2.9166207e+000  3.4855318e+000  8.2650789e-001  3.0493968e+000  3.2746722e+000  3.1430461e+000  2.9683743e+000  2.6696869e+000
  1.0000000e+000  3.1067853e+000  3.6608057e+000  3.8380729e+000  3.5255528e+000  1.4929875e+000  2.3726010e+000  3.1243786e+000  1.8866825e+000  2.7558000e+000  2.1731276e+000
  2.0000000e+000  1.5382831e+000  3.7645057e+000  4.9950041e+000  1.4006763e+000  2.6687980e+000  3.9330668e+000  4.3173226e+000  1.9694935e+000  3.4339532e+000  2.7480409e+000
  2.0000000e+000  3.5714809e+000  2.7964676e+000  3.5063382e+000  1.9650015e+000  1.9601194e+000  2.8944979e+000  1.4346213e+000  3.3625561e+000  2.9494640e+000  3.8432637e+000
  2.0000000e+000  1.3301376e+000  1.0456573e+000  4.9019888e+000  5.2148866e+000  3.6177549e+000  3.1244408e+000  3.3662824e+000  4.4494576e+000  4.2711653e+000  2.8720466e+000
  2.0000000e+000  4.0962267e+000  3.2684790e+000  4.1992334e+000  4.3804767e+000  3.7384177e+000  3.9514902e+000  2.2349530e+000  4.1568075e+000  2.3307683e+000  1.7139428e+000
  2.0000000e+000  2.3486557e+000  2.2203941e+000  4.2868312e+000  3.8832056e+000  2.5296303e+000  2.0029494e+000  4.6752094e+000  3.8639278e+000  3.3911744e+000  3.9773717e+000
  2.0000000e+000  2.5279908e+000  3.6678543e+000  3.3848383e+000  3.4505274e+000  3.3376078e+000  2.1312876e+000  3.5292083e+000  4.0918195e+000  2.1050977e+000  4.3196360e+000
  2.0000000e+000  2.7510528e+000  3.3583144e+000  2.5822979e+000  4.9931784e+000  3.3462208e+000  3.1149875e+000  2.5882682e+000  4.9428952e+000  3.6962331e+000  1.1360755e+000
  1.0000000e+000  3.0870657e+000  4.4125950e+000  3.3267536e+000  3.1817869e+000  2.2032281e+000  3.8357766e+000  1.5909765e+000  1.9909629e+000  2.9565140e+000  5.5877834e+000
  2.0000000e+000  2.9082901e+000  1.7042160e+000  1.5857309e+000  1.9898838e+000  3.0522323e+000  1.4366803e+000  3.9759167e+000  3.3755892e+000  3.0109845e+000  4.4831813e+000
  1.0000000e+000  3.4470746e+000  4.2814185e+000  1.7295143e+000  2.9759048e+000  4.6095166e+000  3.3940424e+000  1.6584253e+000  3.9141511e+000  2.5465356e+000  3.7549385e+000
  2.0000000e+000  4.6704212e+000  3.7518368e+000  1.6561858e+000  4.4696369e+000  3.6744652e+000  2.6869678e+000  3.3206383e+000  3.3605803e+000  3.9838956e+000  3.3989405e+000
  2.0000000e+000  2.3765838e+000  2.3971279e+000  3.9663910e+000  4.1169711e+000  2.8267325e+000  3.4930513e+000  2.7871681e+000  2.7707048e+000  2.6411664e+000  4.5775485e+000
  1.0000000e+000  3.7504412e+000  2.8712050e+000  4.2034041e+000  2.3642668e+000  3.1750256e+000  4.0154699e+000  2.8735139e+000  2.4070038e+000  3.0596451e+000  1.9100834e+000
  2.0000000e+000  3.5677276e+000  2.7170235e+000  2.6339408e+000  5.2855959e+000  3.5200364e+000  2.3760136e+000  2.2554024e+000  1.1059194e+000  4.6054358e+000  2.2533834e+000
  2.0000000e+000  4.2222298e+000  1.6592601e+000  5.7522158e+000  3.7163147e+000  2.4403573e+000  2.2411650e+000  3.4529156e+000  2.6114907e+000  3.9766432e+000  2.3184815e+000
  1.0000000e+000  3.9339532e+000  4.3614458e+000  2.4271346e+000  2.9407252e+000  3.2396729e+000  8.0784899e-001  3.9300083e+000  3.1003092e+000  2.2735421e+000  2.5417137e+000
  2.0000000e+000  2.5462017e+000  3.5371293e+000  2.8559659e+000  3.8484190e+000  2.9085555e+000  3.1349007e+000  4.3700665e+000  4.4824131e+000  3.4349747e+000  5.3942979e-001
  2.0000000e+000  4.0027042e+000  2.2532894e+000  2.8898023e+000  2.4615872e+000  1.2684502e+000  2.8734001e+000  4.6875152e+000  3.8391401e+000  4.4937624e+000  2.7780493e+000
  1.0000000e+000  3.2511107e+000  3.9678979e+000  2.1205902e+000  2.1754078e+000  2.6079333e+000  3.1489833e+000  4.4068475e+000  2.6356478e+000  2.4218049e+000  1.2961994e+000
  2.0000000e+000  3.3741788e+000  2.7036629e+000  4.7784490e+000  4.1452091e+000  1.6005130e+000  3.0784140e+000  3.3329577e+000  3.6518962e+000  1.3786819e+000  2.9616741e-001
  2.0000000e+000  2.1291925e+000  2.1137682e+000  2.1372252e+000  3.9364753e+000  1.6175604e+000  1.6127503e+000  4.0653147e+000  1.4072832e+000  3.5611253e+000  8.9391900e-001
  2.0000000e+000  2.9410075e+000  1.8879396e+000  3.7191674e+000  3.4606072e+000  1.0296278e+000  3.2822820e+000  3.0177740e+000  5.2290509e+000  2.6565750e+000  3.0137367e+000
  2.0000000e+000  2.4094361e+000  7.3856162e-001  2.4160649e+000  3.8083078e+000  3.9252288e+000  3.7561910e+000  2.9077893e+000  3.8288129e+000  1.6180875e+000  2.1281634e+000
  2.0000000e+000  4.1889973e+000  2.5072153e+000  5.0234480e+000  2.2122917e+000  4.0422086e+000  2.9385145e+000  3.8951339e+000  1.6991552e+000  1.3890124e+000  3.9199356e+000
  2.0000000e+000  2.5688082e+000  3.9132938e+000  3.2871466e+000  5.0839748e+000  4.2131345e+000  2.3823804e+000  8.2377558e-001  2.3520211e+000  2.9043954e+000  1.4411846e+000
  1.0000000e+000  3.6021713e+000  3.8400123e+000  3.9150078e+000  3.6296739e+000  3.2643787e+000  9.5515976e-001  2.6097260e+000  2.1986665e+000  1.5011890e+000  2.2446454e+000
  2.0000000e+000  1.9513104e+000  3.9458491e+000  3.6363491e+000  4.3441408e+000  3.5803521e+000  3.2438725e+000  4.0648265e+000  2.5438750e+000  3.1320686e+000  1.6152490e+000
  2.0000000e+000  3.4830005e+000  2.7167573e+000  2.9909362e+000  1.7407207e+000  4.5851493e+000  3.4995891e+000  3.2972381e+000  4.0424762e+000  3.9551445e+000  4.1608837e+000
  2.0000000e+000  4.6314017e+000  3.7294435e+000  3.6979854e+000  2.4046831e+000  3.5373082e+000  4.8234316e+000  2.4325473e+000  3.5494998e+000  4.5230903e+000  3.6770135e+000
  2.0000000e+000  2.1171236e+000  2.2796702e+000  3.3717139e+000  2.1272648e+000  4.2591529e+000  1.5216931e+000  3.5400319e+000  2.6731586e+000  3.7168789e+000  1.0162024e+000
  2.0000000e+000  4.1123178e+000  3.8522710e+000  3.6437537e+000  1.6747511e+000  2.4872729e+000  2.2612587e+000  5.1494568e+000  1.4908255e+000  4.8202873e-001  3.4404878e+000
  2.0000000e+000  2.4523529e+000  4.6778031e+000  3.4165500e+000  3.0156893e+000  4.4133904e+000  2.8240203e+000  1.4421136e+000  3.9135131e+000  1.9725690e+000  1.4767083e+000
  2.0000000e+000  3.4710521e+000  5.2760767e+000  2.7606470e+000  1.7304650e+000  3.9459056e+000  2.4201275e+000  3.0917283e+000  3.0374092e+000  3.6225986e+000  2.2796317e+000
  2.0000000e+000  4.1894604e+000  3.4720403e+000  4.1610782e+000  3.5564074e+000  2.8811868e+000  2.5178419e+000  1.8045773e+000  1.0995355e+000  2.6807308e+000  3.6154891e+000
  2.0000000e+000  4.5892315e+000  3.7537855e+000  5.9869539e+000  3.9555344e+000  4.3460922e+000  4.3689883e+000  4.8205212e+000  4.1952741e+000  2.4099498e+000  3.2302765e+000
  2.0000000e+000  3.5697337e+000  3.3572006e+000  1.6384031e+000  2.1686482e+000  1.5679872e+000  5.0849497e+000  1.0104268e+000  3.2445229e+000  3.8566389e+000  3.3515659e+000
  2.0000000e+000  4.4217974e+000  3.2341696e+000  8.2541611e-001  3.6904715e+000  2.2764937e+000  3.0730612e+000  3.2724299e+000  4.6155350e+000  2.7839435e+000  4.0779115e+000
  2.0000000e+000  5.6163915e+000  2.9627023e+000  1.0826726e+000  2.7366566e+000  2.6739906e+000  2.9256486e+000  2.5026386e+000  3.0853241e+000  1.0200789e+000  2.6142242e+000
  1.0000000e+000  3.5817712e+000  1.9515262e+000  4.4927144e+000  2.6662221e+000  1.5798876e+000  1.6498013e+000  5.1202922e+000  1.6755861e+000  3.5442265e+000  3.9390705e+000
  1.0000000e+000  3.1362193e+000  1.7193558e+000  1.8884578e+000  2.3986931e+000  3.8677121e+000  3.3264677e+000  4.3927622e+000  3.1627482e+000  2.4019388e+000  2.8124778e+000
  2.0000000e+000  3.4256839e+000  3.1782668e+000  1.9674507e+000  1.0028129e+000  2.7462820e+000  3.6051697e+000  2.7972977e+000  2.1712465e+000  2.8745685e+000  1.1246963e+000
  2.0000000e+000  3.1895743e+000  2.9280174e+000  5.0287748e+000  2.0007149e+000  3.6728833e+000  4.0414576e+000  3.6907770e+000  3.4631919e+000  2.9625009e+000  2.5185544e+000
  2.0000000e+000  2.2883328e+000  2.9536660e+000  2.6826731e+000  3.3349504e+000  2.2802722e+000  4.8681008e+000  2.4461740e+000  2.9861160e+000  2.0525331e+000  3.2603109e+000
  2.0000000e+000  2.0179682e+000  2.2152513e+000  3.2404004e+000  3.3723108e+000  1.3590277e+000  2.1219269e+000  4.4080028e+000  2.3050363e+000  3.3400789e+000  2.8968311e+000
  2.0000000e+000  2.4198890e+000  1.6329875e+000  3.1372623e+000  9.2944180e-001  1.8866393e+000  2.8878869e+000  2.9036637e+000  2.6712850e+000  3.0896362e+000  1.6992458e+000
  2.0000000e+000  1.9216405e+000  2.2683312e+000  2.8844210e+000  2.5364151e+000  2.5327004e+000  1.6063428e+000  4.4207509e-001  2.1608131e+000  4.1071386e+000  5.2995435e+000
  1.0000000e+000  3.0922093e+000  3.1454993e+000  2.3021039e+000  3.6523094e+000  4.6434667e+000  2.9372585e+000  3.0310233e+000  3.4883227e+000  3.0581702e-001  3.5480030e+000
  2.0000000e+000  2.9094175e+000  3.5294750e+000  3.7439225e+000  3.7059269e+000  1.9379476e+000  3.3916033e+000  3.2116259e+000  2.6591419e+000  2.5433514e+000  4.9669867e+000
  1.0000000e+000  3.9485311e+000  4.8264673e+000  1.7301991e+000  2.9085287e+000  2.9405402e+000  3.9853491e+000  1.9951670e+000  1.9726442e+000  3.7550043e+000  2.3193404e+000
  2.0000000e+000  2.6813357e+000  4.1431072e+000  3.0580321e+000  2.7946351e+000  3.7333754e+000  3.2770024e+000  2.8059156e+000  4.0848146e+000  2.1003420e+000  2.5428513e+000
  2.0000000e+000  3.2992956e+000  3.3037526e+000  1.0710628e+000  4.0642944e+000  2.9946758e+000  5.3093290e-001  3.1974193e+000  2.0404347e+000  2.4557242e+000  2.2977514e+000
  2.0000000e+000  2.8423423e+000  3.5573995e+000  4.6018601e-001  2.9911162e+000  3.0823321e+000  1.4613170e+000  3.3771507e+000  3.6330851e+000  2.1030328e+000  4.1797939e+000
  2.0000000e+000  2.2472065e+000  4.2794214e+000  3.9988898e+000  4.4281268e+000  1.1855711e+000  2.6550499e+000  3.7036826e+000  1.2006187e+000  2.0352936e+000  4.7585185e+000
  2.0000000e+000  3.9670775e+000  1.2707541e+000  3.6861757e+000  4.5164621e+000  1.4186151e+000  2.9218506e+000  3.0610867e+000  2.3600985e+000  1.5193450e+000  3.5840016e+000
